[
    [[[(200,250,122),(155,222,255),(255,255,255),(253,244,122)],
    [(200,250,122),(155,222,255),(255,255,255),(253,244,122)],
    [(200,250,122),(155,222,255),(255,255,255),(253,244,122)],
    [[(200,250,122),(155,222,255),(255,255,255),(253,244,122)],(155,222,255),(255,255,255),(253,244,122)]],
    [[(200,250,122),(155,222,255),(255,255,255),(253,244,122)],
    [(200,250,122),(155,222,255),(255,255,255),(253,244,122)],
    [(200,250,122),(155,222,255),(255,255,255),(253,244,122)],
    [[(200,250,122),(155,222,255),(255,255,255),(253,244,122)],(155,222,255),(255,255,255),(253,244,122)]],
    [[(200,250,122),(155,222,255),(255,255,255),(253,244,122)],
    [(200,250,122),(155,222,255),(255,255,255),(253,244,122)],
    [(200,250,122),(155,222,255),(255,255,255),(253,244,122)],
    [[(200,250,122),(155,222,255),(255,255,255),(253,244,122)],(155,222,255),(255,255,255),(253,244,122)]],
    [[(200,250,122),(155,222,255),(255,255,255),(253,244,122)],
    [(200,250,122),(155,222,255),(255,255,255),(253,244,122)],
    [(200,250,122),(155,222,255),(255,255,255),(253,244,122)],
    [[(200,250,122),(155,222,255),(255,255,255),(253,244,122)],(155,222,255),(255,255,255),(253,244,122)]]],
    [[[(200,250,122),(155,222,255),(255,255,255),(253,244,122)],
    [(200,250,122),(155,222,255),(255,255,255),(253,244,122)],
    [(200,250,122),(155,222,255),(255,255,255),(253,244,122)],
    [[(200,250,122),(155,222,255),(255,255,255),(253,244,122)],(155,222,255),(255,255,255),(253,244,122)]],
    [[(200,250,122),(155,222,255),(255,255,255),(253,244,122)],
    [(200,250,122),(155,222,255),(255,255,255),(253,244,122)],
    [(200,250,122),(155,222,255),(255,255,255),(253,244,122)],
    [[(200,250,122),(155,222,255),(255,255,255),(253,244,122)],(155,222,255),(255,255,255),(253,244,122)]],
    [[(200,250,122),(155,222,255),(255,255,255),(253,244,122)],
    [(200,250,122),(155,222,255),(255,255,255),(253,244,122)],
    [(200,250,122),(155,222,255),(255,255,255),(253,244,122)],
    [[(200,250,122),(155,222,255),(255,255,255),(253,244,122)],(155,222,255),(255,255,255),(253,244,122)]],
    [[(200,250,122),(155,222,255),(255,255,255),(253,244,122)],
    [(200,250,122),(155,222,255),(255,255,255),(253,244,122)],
    [(200,250,122),(155,222,255),(255,255,255),(253,244,122)],
    [[(200,250,122),(155,222,255),(255,255,255),(253,244,122)],(155,222,255),(255,255,255),(253,244,122)]]],
    [[[(200,250,122),(155,222,255),(255,255,255),(253,244,122)],
    [(200,250,122),(155,222,255),(255,255,255),(253,244,122)],
    [(200,250,122),(155,222,255),(255,255,255),(253,244,122)],
    [[(200,250,122),(155,222,255),(255,255,255),(253,244,122)],(155,222,255),(255,255,255),(253,244,122)]],
    [[(200,250,122),(155,222,255),(255,255,255),(253,244,122)],
    [(200,250,122),(155,222,255),(255,255,255),(253,244,122)],
    [(200,250,122),(155,222,255),(255,255,255),(253,244,122)],
    [[(200,250,122),(155,222,255),(255,255,255),(253,244,122)],(155,222,255),(255,255,255),(253,244,122)]],
    [[(200,250,122),(155,222,255),(255,255,255),(253,244,122)],
    [(200,250,122),(155,222,255),(255,255,255),(253,244,122)],
    [(200,250,122),(155,222,255),(255,255,255),(253,244,122)],
    [[(200,250,122),(155,222,255),(255,255,255),(253,244,122)],(155,222,255),(255,255,255),(253,244,122)]],
    [[(200,250,122),(155,222,255),(255,255,255),(253,244,122)],
    [(200,250,122),(155,222,255),(255,255,255),(253,244,122)],
    [(200,250,122),(155,222,255),(255,255,255),(253,244,122)],
    [[(200,250,122),(155,222,255),(255,255,255),(253,244,122)],(155,222,255),(255,255,255),(253,244,122)]]],
    [[[(200,250,122),(155,222,255),(255,255,255),(253,244,122)],
    [(200,250,122),(155,222,255),(255,255,255),(253,244,122)],
    [(200,250,122),(155,222,255),(255,255,255),(253,244,122)],
    [[(200,250,122),(155,222,255),(255,255,255),(253,244,122)],(155,222,255),(255,255,255),(253,244,122)]],
    [[(200,250,122),(155,222,255),(255,255,255),(253,244,122)],
    [(200,250,122),(155,222,255),(255,255,255),(253,244,122)],
    [(200,250,122),(155,222,255),(255,255,255),(253,244,122)],
    [[(200,250,122),(155,222,255),(255,255,255),(253,244,122)],(155,222,255),(255,255,255),(253,244,122)]],
    [[(200,250,122),(155,222,255),(255,255,255),(253,244,122)],
    [(200,250,122),(155,222,255),(255,255,255),(253,244,122)],
    [(200,250,122),(155,222,255),(255,255,255),(253,244,122)],
    [[(200,250,122),(155,222,255),(255,255,255),(253,244,122)],(155,222,255),(255,255,255),(253,244,122)]],
    [[(200,250,122),(155,222,255),(255,255,255),(253,244,122)],
    [(200,250,122),(155,222,255),(255,255,255),(253,244,122)],
    [(200,250,122),(155,222,255),(255,255,255),(253,244,122)],
    [[(200,250,122),(155,222,255),(255,255,255),(253,244,122)],(155,222,255),(255,255,255),(253,244,122)]]]
]

